[app/ui]
version = 8.2.0
modtime = 1626199674.097481000

[app/launcher]
version = 8.2.0
modtime = 1626199674.099289000
